tick   alive  boss(max_hp=779) hp/779   pos
  100     82  779/779                (1334, 1088)
  200     68  778/779                (1393, 1077)
  300     51  779/779                (1392, 891)
  400     37  777/779                (1328, 542)
  500     33  765/779                (1312, 488)
  600     20  699/779                (1317, 505)
  700     13  705/779                (1247, 505)
  800     11  711/779                (1077, 561)
  900     11  718/779                (1057, 811)
 1000     11  725/779                (832, 1041)
 1100     10  729/779                (875, 1261)
 1200      8  734/779                (928, 1175)
 1300      6  739/779                (1034, 1041)
 1400      6  743/779                (1134, 1266)
 1500      6  749/779                (1394, 1076)
 1600      6  756/779                (1394, 581)
 1700      5  651/779                (1090, 518)
 1800      5  219/779                (1068, 533)
 1900      5  225/779                (1024, 412)
 2000      5  232/779                (1059, 817)
 2100      3  238/779                (1024, 834)
 2200      3  245/779                (931, 874)
 2300      3  252/779                (1024, 752)
 2400      3  258/779                (1200, 883)
 2500      3  265/779                (1200, 754)
 2600      3  272/779                (1175, 720)
 2700      3  278/779                (1200, 880)
 2800      3  285/779                (1200, 879)
 2900      3  292/779                (1200, 883)
 3000      3  298/779                (1005, 867)
 3100      3  305/779                (702, 880)
 3200      3  312/779                (491, 944)
 3300      3  318/779                (557, 899)
 3400      3  325/779                (880, 883)
 3500      3  332/779                (910, 883)
 3600      3  338/779                (1024, 754)
 3700      3  345/779                (943, 752)
 3800      3  352/779                (909, 752)
 3900      3  358/779                (1200, 883)
 4000      3  365/779                (835, 883)
